16.256252
16.256252
16.256252
34.366136
51.199398
73.940430
73.940430
106.057489
119.077420
137.950695
164.950476
176.642942
189.472923
202.270389
224.300432
249.694753
257.749867
266.941428
292.141294
310.399866
325.194001
344.486523
370.495176
376.135540
394.153042
412.123585
425.571728
438.995218
454.625654
478.012753
490.236187
505.767441
513.522577
527.906990
547.786570
556.608486
576.429129
591.818714
613.765621
646.607542
650.979710
664.087439
682.634640
702.246141
718.569517
725.094080
741.394281
755.508757
766.358614
783.705807
810.782242
812.946987
837.827492
851.880169
860.524654
885.364342
903.713131
917.739105
932.839298
951.169491
977.039051
981.349850
997.513771
1011.520743
1022.294879
1042.764068
1055.691957
1066.465259
1093.400364
1109.563589
1126.806617
1139.741063
1161.303282
1174.243689
1200.132966
1214.161515
1224.955559
1245.470881
1258.432865
1277.883768
1284.369469
1310.323834
1315.733552
1329.802155
1349.291682
1374.212027
1387.221813
1402.407074
1420.856380
1437.145138
1453.443050
1479.539776
1484.979391
1502.394104
1518.730545
1538.347149
1537.256956
1562.342405
1573.256397
1583.082914
1587.451363
1614.770317
1632.269144
1659.633255
1665.109539
1689.217186
1711.151505
1729.809046
1737.495041
1764.961147
1777.054214
1799.053764
1803.455353
1822.169495
1823.270798
1851.913452
1868.448830
1890.507889
1905.956650
1925.827980
1941.289806
1957.862091
1973.334503
1995.446396
2013.141870
2023.097754
2035.268545
2059.615612
2052.974939
2067.363739
2066.256762
2106.113434
2117.187023
2136.013269
2152.625561
2172.560692
2185.850620
2207.999229
2221.286774
2236.787558
2245.644093
2267.781734
2293.231249
2305.398941
2316.457748
2338.567734
2351.828098
2369.501591
2381.646156
2402.613163
2419.154882
2436.788082
2457.710981
2472.015142
2489.607573
2513.770819
2522.549391
2543.381453
2552.144766
2558.714151
2577.312469
2589.334011
2591.518402
2614.436150
2634.048223
2647.105694
2666.664839
2681.854486
2697.022676
2715.411663
2730.529785
2741.314173
2767.144918
2783.250570
2777.885199
2814.300060
2819.641304
2834.576797
2857.986450
2882.378387
2890.841675
2909.844208
2917.218971
2948.724937
2958.144188
2972.765732
2989.428329
3017.428637
3021.564007
3040.130138
3055.547714
3072.959661
3084.190607
3104.537725
3106.566906
3130.842924
3142.925978
3165.982008
3182.933092
3198.815107
3218.566656
3229.381323
3236.244917
3256.748915
3269.374609
3296.391249
3299.271345
3333.601475
3339.281082
3339.281082
3370.300293
3388.913393
3404.621124
3422.964096
3434.806585
3459.193945
3474.401474
3494.791508
3506.219625
3523.663044
3541.793823
3560.581684
3579.990864
3595.842361
3595.011473
3616.441727
3639.156818
3650.370836
3670.935869
3674.068928
3701.895237
3721.565962
3735.708952
3754.012823
3776.925802
3805.410194
3792.334080
3824.283409
3852.324295
3864.966583
3869.951725
3888.269234
3904.242325
3921.968269
3937.401581
3955.390167
3968.080330
3979.343224
3994.802952
4009.850025
4014.523029
4023.174286
4042.327404
4051.805019
4052.482128
4052.482128
4052.482128
4051.123619
4040.138245
4033.391476
4030.694485
4005.954266
3991.593552
3979.823303
3980.782700
3952.276993
3937.401581
3931.404114
3890.666771
3891.264725
3874.278831
3856.777954
3845.907021
3822.952080
3814.232349
3797.176361
3769.828558
3756.186008
3742.338896
3718.563795
3704.946280
3674.068928
3673.286915
3648.774862
3614.804506
3614.804506
3595.011473
3597.501040
3577.473164
3564.821243
3543.510199
3524.530172
3505.342960
3485.952377
3476.183653
3454.699278
3442.966938
3422.964096
3411.976337
3389.840364
3374.034166
3351.545334
3336.442947
3334.548712
3308.850050
3289.660215
3278.085709
3253.827810
3247.001410
3230.362654
3210.679770
3190.883160
3171.973944
3161.982298
3144.936323
3129.833937
3107.580900
3090.305090
3076.025486
3070.914507
3051.441431
3031.886816
3021.564007
3005.002737
2993.585587
2976.935863
2955.006123
2939.290524
2926.688194
2907.735634
2888.726425
2877.082634
2859.048843
2854.798794
2822.844315
2814.300060
2790.755987
2782.177687
2754.238844
2747.778654
2727.292299
2715.411663
2702.434540
2686.190367
2666.664839
2656.889677
2632.959366
2623.156309
2600.253820
2582.777739
2571.844816
2569.657087
2546.668530
2535.709381
2524.743795
2501.692772
2485.210657
2469.815016
2442.295790
2435.686588
2403.716326
2401.509762
2389.372587
2362.874985
2356.247425
2338.567734
2306.504726
2303.186893
2294.337273
2275.527954
2247.858524
2232.359171
2224.608660
2199.140310
2190.280676
2176.990747
2155.947924
2142.658234
2128.261089
2101.684570
2067.363739
2076.219797
2055.188179
2061.829090
2033.055544
2024.204254
2006.505489
1978.861809
1975.545502
1957.862091
1930.245304
1925.827980
1907.060051
1886.095047
1883.888817
1861.833763
1832.081223
1825.473022
1804.555893
1788.051844
1780.353165
1761.663818
1748.478317
1723.222637
1706.763268
1696.892357
1667.300224
1657.443285
1649.778938
1624.612093
1611.490631
1588.543797
1572.164917
1554.705143
1538.347149
1535.076618
1515.462494
1503.482914
1486.067533
1474.100828
1461.052179
1443.663359
1419.771099
1411.087751
1382.884617
1366.625547
1351.457953
1336.297393
1329.802155
1308.160424
1284.369469
1276.802897
1259.513259
1250.871181
1229.273796
1207.686305
1193.659420
1179.636359
1152.677655
1138.663173
1123.573303
1103.098035
1091.245413
1070.774674
1065.387964
1037.377596
1020.139933
1015.830398
1002.901316
983.505058
964.105415
942.544270
931.760883
914.502811
897.238159
882.125473
864.845943
847.557068
830.257702
827.012920
803.204155
788.040304
772.865582
757.679224
735.962629
724.006844
710.954094
690.264463
679.363394
665.179205
643.327332
626.913261
597.309494
584.126759
577.529144
556.608486
544.476175
525.695467
519.057798
522.377253
496.895885
474.675941
466.884613
444.581175
430.048895
414.366674
403.144073
372.751904
355.807519
346.752334
322.920322
308.120632
289.854927
277.263904
266.941428
257.749867
224.300432
208.076835
190.637674
180.145283
155.576382
137.950695
121.440744
111.980212
91.811523
73.940430
57.195377
35.570710
19.884464
16.256252
16.256252
