0
0
6
18
34
48
64
80
94
106
111
128
144
166
176
192
197
219
228
247
261
272
288
304
319
327
345
365
371
391
405
415
432
448
462
475
490
511
529
544
559
575
589
599
614
624
639
657
667
682
695
711
723
741
754
769
784
800
816
827
838
861
880
882
899
912
918
944
950
973
990
999
1006
1031
1046
1062
1076
1090
1101
1120
1133
1154
1168
1183
1198
1206
1222
1233
1250
1264
1282
1296
1314
1328
1335
1348
1365
1388
1403
1418
1429
1451
1459
1478
1488
1506
1518
1533
1555
1563
1578
1596
1611
1625
1635
1648
1665
1680
1695
1707
1723
1740
1755
1773
1781
1805
1807
1822
1847
1859
1869
1891
1902
1915
1927
1943
1957
1974
1985
1999
2017
2031
2046
2064
2077
2096
2109
2113
2143
2148
2159
2178
2191
2213
2224
2234
2245
2269
2275
2288
2316
2324
2341
2355
2368
2384
2398
2406
2423
2448
2463
2477
2486
2507
2511
2528
2544
2555
2578
2595
2603
2618
2637
2649
2662
2681
2695
2705
2719
2736
2755
2762
2783
2795
2813
2821
2837
2864
2871
2883
2903
2921
2931
2950
2963
2986
2993
3024
3024
3047
3056
3088
3102
3120
3137
3153
3169
3186
3213
3225
3245
3271
3280
3292
3334
3351
3376
3397
3409
3430
3458
3479
3505
3523
3536
3563
3602
3628
3639
3666
3697
3717
3745
3769
3790
3825
3854
3871
3916
3930
3956
3984
4023
4039
4080
4095
