0
0
3
17
29
48
63
81
89
99
112
129
144
161
176
190
198
221
224
250
259
274
288
305
318
333
347
362
373
389
403
418
441
448
463
485
491
510
528
545
557
564
586
592
621
636
643
656
671
686
698
713
722
738
750
773
784
798
814
822
837
851
871
881
896
912
929
933
951
974
982
992
1017
1035
1051
1066
1076
1091
1103
1116
1136
1148
1159
1169
1186
1211
1225
1234
1262
1271
1279
1297
1303
1328
1339
1360
1371
1389
1395
1421
1433
1450
1467
1475
1486
1511
1520
1531
1552
1568
1584
1601
1613
1627
1639
1649
1674
1679
1697
1712
1725
1744
1759
1771
1782
1795
1815
1826
1840
1859
1872
1887
1906
1917
1926
1945
1964
1969
1993
1999
2016
2031
2041
2071
2080
2094
2109
2126
2137
2150
2165
2176
2198
2210
2223
2241
2257
2267
2286
2295
2320
2321
2339
2355
2371
2386
2403
2419
2427
2445
2445
2469
2487
2498
2514
2533
2545
2553
2574
2601
2608
2621
2644
2658
2669
2683
2697
2714
2722
2739
2755
2770
2783
2797
2811
2829
2841
2859
2870
2883
2903
2923
2939
2947
2961
2983
2995
3009
3028
3053
3063
3090
3102
3120
3137
3152
3170
3184
3210
3225
3248
3273
3280
3297
3340
3354
3369
3394
3419
3437
3456
3474
3501
3526
3545
3567
3605
3619
3648
3671
3685
3722
3746
3764
3794
3827
3856
3886
3900
3927
3959
3991
4017
4046
4082
4095
4083
4047
4016
3986
3952
3937
3902
3887
3842
3813
3791
3776
3760
3713
3681
3666
3639
3617
3600
3569
3550
3514
3502
3475
3454
3427
3410
3395
3371
3347
3334
3299
3279
3265
3248
3231
3216
3190
3175
3154
3139
3120
3103
3088
3059
3050
3029
3011
2995
2987
2967
2944
2928
2922
2901
2886
2871
2867
2837
2819
2815
2793
2779
2766
2761
2738
2722
2704
2691
2677
2670
2641
2639
2619
2607
2591
2584
2557
2544
2530
2512
2497
2483
2477
2461
2441
2424
2410
2399
2384
2368
2355
2334
2327
2316
2293
2278
2263
2247
2240
2219
2207
2192
2170
2170
2146
2133
2125
2098
2096
2081
2064
2057
2020
2009
2000
1990
1968
1965
1945
1933
1920
1904
1883
1871
1858
1846
1825
1812
1798
1788
1771
1758
1743
1735
1712
1697
1681
1675
1653
1641
1626
1614
1600
1584
1568
1557
1535
1520
1505
1489
1483
1462
1450
1433
1418
1398
1381
1369
1358
1341
1323
1305
1296
1285
1265
1255
1245
1223
1215
1191
1181
1162
1150
1124
1121
1104
1095
1079
1063
1049
1027
1012
1002
981
976
958
941
926
919
901
886
867
853
845
829
816
796
784
773
753
732
723
711
691
678
668
654
639
624
611
598
586
566
560
538
523
503
496
485
467
448
434
416
400
389
369
366
347
334
317
304
289
272
261
245
231
217
201
191
176
154
144
126
113
105
87
78
60
47
34
22
2
0
0
