703
804
905
1005
1104
1205
1309
1410
1501
1604
1707
1808
1906
2009
2112
2213
2281
2384
2486
2588
2687
2788
2891
2995
3088
3189
3293
3396
3494
3598
3699
3802
3804
3905
4010
4112
4212
4314
4417
4517
4610
4712
4816
4918
5018
5119
5222
5324
5391
5494
5597
5698
5798
5899
6004
6106
6198
6301
6404
6505
6605
6707
6812
6913
6974
7076
7178
7281
7381
7483
7585
7686
7780
7882
7986
8088
8187
8289
8392
8494
8560
8663
8767
8868
8967
9069
9172
9275
9367
9469
9572
9675
9774
9876
9979
10082
10082
10186
10289
10390
10490
10593
10695
10797
10891
10992
11096
11198
11297
11400
11502
11601
11671
11773
11877
11980
12079
12181
12284
12386
12478
12581
12684
12786
12885
12987
13091
13193
13187
13288
13391
13493
13594
13697
13799
13901
13994
14095
14199
14301
14402
14503
14606
14708
14776
14878
14980
15082
15184
15284
15387
15488
15582
15683
15787
15889
15989
16091
16194
16296
16299
16400
16503
16606
16706
16808
16912
17014
17106
17207
17311
17413
17512
17614
17718
17820
17888
17990
18093
18194
18294
18396
18500
18602
18695
18796
18899
19001
19102
19203
19306
19409
19470
19571
19674
19776
19876
19978
20082
20183
20276
20378
20481
20583
20682
20784
20888
20988
21057
21159
21263
21365
21465
21566
21670
21772
21865
21965
22069
22170
22271
22373
22476
22579
22581
22682
22787
22887
22987
23089
23193
23294
23388
23488
23592
23693
23794
23894
23998
24099
24167
24268
24373
24474
24574
24676
24779
24881
24973
25074
25176
25277
25378
25479
25581
25683
