0.0
 2.55
 5.1
 7.65
 10.2
 12.75
 15.3
 17.85
 20.4
 22.95
 25.5
 28.05
 30.6
 33.15
 35.7
 38.25
 40.8
 43.35
 45.9
 48.45
 51.0
 53.55
 56.1
 58.65
 61.2
 63.75
 66.3
 68.85
 71.4
 73.95
 76.5
 79.05
 81.6
 84.15
 86.7
 89.25
 91.8
 94.35
 96.9
 99.45
 102.0
 104.55
 107.1
 109.65
 112.2
 114.75
 117.3
 119.85
 122.4
 124.95
 127.5
 130.05
 132.6
 135.15
 137.7
 140.25
 142.8
 145.35
 147.9
 150.45
 153.0
 155.55
 158.1
 160.65
 163.2
 165.75
 168.3
 170.85
 173.4
 175.95
 178.5
 181.05
 183.6
 186.15
 188.7
 191.25
 193.8
 196.35
 198.9
 201.45
 204.0
 206.55
 209.1
 211.65
 214.2
 216.75
 219.3
 221.85
 224.4
 226.95
 229.5
 232.05
 234.6
 237.15
 239.7
 242.25
 244.8
 247.35
 249.9
 252.45
 