127.5
 135.50579123998747
 143.4799872794488
 151.3911176096799
 159.207960613519
 166.8996667828058
 174.43588046729644
 181.78685967454678
 188.9235934479687
 195.81791635982205
 202.44261966729033
 208.77155869295794
 214.7797560059078
 220.44349999622997
 225.74043845391313
 230.6496667828058
 235.15181050150693
 239.22910170559263
 242.8654491894175
 246.04650195075206
 248.7597058276321
 250.99435304390047
 252.7416244679078
 253.9946244175959
 254.74840787460462
 255.0
 254.74840787460462
 253.99462441759593
 252.74162446790783
 250.99435304390047
 248.7597058276321
 246.04650195075206
 242.8654491894175
 239.2291017055926
 235.1518105015069
 230.6496667828058
 225.74043845391313
 220.44349999622995
 214.7797560059078
 208.77155869295794
 202.44261966729036
 195.8179163598221
 188.9235934479687
 181.7868596745468
 174.43588046729647
 166.8996667828058
 159.20796061351905
 151.3911176096799
 143.47998727944884
 135.50579123998747
 127.50000000000003
 119.49420876001254
 111.52001272055121
 103.60888239032009
 95.79203938648104
 88.10033321719423
 80.56411953270357
 73.2131403254533
 66.07640655203129
 59.18208364017796
 52.557380332709734
 46.22844130704207
 40.22024399409223
 34.556500003770026
 29.259561546086857
 24.350333217194216
 19.84818949849305
 15.770898294407393
 12.134550810582475
 8.953498049247939
 6.240294172367925
 4.005646956099524
 2.258375532092188
 1.0053755824040849
 0.25159212539537623
 0.0
 0.25159212539537623
 1.0053755824040709
 2.258375532092188
 4.005646956099538
 6.240294172367911
 8.953498049247925
 12.13455081058246
 15.770898294407422
 19.84818949849309
 24.350333217194187
 29.25956154608683
 34.556500003769955
 40.22024399409216
 46.22844130704207
 52.55738033270965
 59.18208364017787
 66.0764065520312
 73.2131403254532
 80.56411953270357
 88.10033321719418
 95.79203938648095
 103.6088823903201
 111.52001272055115
 119.49420876001255
 