0.0
 5.1
 10.2
 15.3
 20.4
 25.5
 30.6
 35.7
 40.8
 45.9
 51.0
 56.1
 61.2
 66.3
 71.4
 76.5
 81.6
 86.7
 91.8
 96.9
 102.0
 107.1
 112.2
 117.3
 122.4
 127.5
 132.6
 137.7
 142.8
 147.9
 153.0
 158.1
 163.2
 168.3
 173.4
 178.5
 183.6
 188.7
 193.8
 198.9
 204.0
 209.1
 214.2
 219.3
 224.4
 229.5
 234.6
 239.7
 244.8
 249.9
 255.0
 249.9
 244.8
 239.7
 234.6
 229.5
 224.4
 219.3
 214.2
 209.1
 204.0
 198.9
 193.8
 188.7
 183.6
 178.5
 173.4
 168.3
 163.2
 158.1
 153.0
 147.9
 142.8
 137.7
 132.6
 127.5
 122.4
 117.3
 112.2
 107.1
 102.0
 96.9
 91.8
 86.7
 81.6
 76.5
 71.4
 66.3
 61.2
 56.1
 51.0
 45.9
 40.8
 35.7
 30.6
 25.5
 20.4
 15.3
 10.2
 5.1
 